# Max and min
# Dragoi Octavian Marius



a=("""-38134 -50371 25721 -1772 -41493 60216 -23 -70314 -22925 -18317 5742 69657 -64446 -25947 33287 -30007 -34865 21799 -25417 59949 -43398 48806 -79329 3857 44714 -19453 -40206 2536 -6658 59082 -8403 35207 -71288 -62681 -46565 -32782 77534 33412 -23096 -25390 -64905 62646 -35732 -49351 -43300 77554 641 1834 19354 55224 -18216 55955 24030 -17546 -20187 -11255 43000 19606 71281 -43657 -1311 -17121 71549 7400 197 -55015 54618 -2268 58396 -48477 52342 73491 -65831 -63389 -55860 -29132 -65835 24781 52702 33518 5 -45514 9474 -55965 16939 69287 12779 -20060 8894 4060 16283 -72416 66938 7832 14983 -12864 32817 -10398 64868 11214 21124 37211 4705 35293 53821 28845 -73838 67986 -26374 58863 21505 53630 -66650 -49021 77665 30289 -59733 10445 -69770 29160 -65494 26512 36743 -78555 -45655 -28273 -11420 67161 41328 -26551 -1624 -17547 -69340 -76919 -62254 64481 31926 -56092 52467 -74448 -77228 -6028 59182 -63879 24951 56848 46410 45217 -12707 56639 -5623 1798 3152 -48880 3242 37496 2847 71822 24658 -35825 -34728 -56966 26628 -24069 -53885 44373 -39587 58040 68281 -67120 63592 71052 6852 42775 -72826 -48197 19623 53584 77019 -73084 30224 -8604 8714 -46624 22516 -68043 70872 -54637 -76221 15531 -10462 -30950 38564 -63834 24981 64679 60539 65393 42719 48820 78273 26312 39873 5125 -10913 47047 36927 -71289 20631 33947 -64373 -29144 -54657 24340 4231 47859 36296 -4896 73222 40075 -69365 -17240 -70875 49199 -1074 34106 33878 -20534 19500 -3402 -51713 17773 -57090 68159 -57102 11997 35207 59825 20708 -24161 13772 36334 26694 39115 -19325 -49074 6975 -63028 26029 197 57046 36664 62957 66171 5863 -18116 20277 -40259 41349 -40223 36338 69635 57550 59248 57795 -79551 -8755 13002 60273 -68046 68840 -5954 48287 15535 -46839 -51038 46460 40135 -34067 -7510 -39667 -57020 -50846 -56710 -70849 35016 5173 29428 74757 -33477 69205 31095 -43842 46755 10344 -66047 47203 -78410 26955 27477""")
a = a.replace(" ","\n")
a = a.split("\n")
a = list(map(int, a))
i = 0
x=max(a)
y=min(a)
print (x,y)
